coefficients:
  KTP:
    X: [3.29100, 0.04140, 0.03978, 9.35522, 31.45571]
    Y: [3.45018, 0.04341, 0.04597, 16.98825, 39.43799]
    Z: [4.59423, 0.06206, 0.04763, 110.80672, 86.12171]
  BBO:
    O: [2.7366122, 0.0185720, 0.0178746, 0.0143756]
    E: [2.3698703, 0.0128445, 0.0153064, 0.0029129]
  LN:
    O: [4.9048, 0.11775, 2.2314e-8, 0.21802, 2.9671e-8, 0.027153, 2.1429e-8]
    E: [5.35583, 4.629e-7, 0.100473, 3.862e-8, 0.20692, 0.89e-8, 100, 2.657e-5, 11.34927, 1.5334e-2]